1 0 0 0
2 1 0 0
3 0 1 0
4 1 1 0
5 0.04999999999989927 0 0
6 0.09999999999981467 0 0
7 0.1499999999997036 0 0
8 0.1999999999995579 0 0
9 0.2499999999994121 0 0
10 0.2999999999992664 0 0
11 0.3499999999991207 0 0
12 0.3999999999989749 0 0
13 0.4499999999988346 0 0
14 0.4999999999986943 0 0
15 0.5499999999988205 0 0
16 0.5999999999989468 0 0
17 0.6499999999990784 0 0
18 0.69999999999921 0 0
19 0.7499999999993416 0 0
20 0.7999999999994734 0 0
21 0.8499999999996051 0 0
22 0.8999999999997368 0 0
23 0.9499999999998684 0 0
24 1 0.04999999999989927 0
25 1 0.09999999999981467 0
26 1 0.1499999999997036 0
27 1 0.1999999999995579 0
28 1 0.2499999999994121 0
29 1 0.2999999999992664 0
30 1 0.3499999999991207 0
31 1 0.3999999999989749 0
32 1 0.4499999999988346 0
33 1 0.4999999999986943 0
34 1 0.5499999999988205 0
35 1 0.5999999999989468 0
36 1 0.6499999999990784 0
37 1 0.69999999999921 0
38 1 0.7499999999993416 0
39 1 0.7999999999994734 0
40 1 0.8499999999996051 0
41 1 0.8999999999997368 0
42 1 0.9499999999998684 0
43 0.9499999999998356 1 0
44 0.8999999999995836 1 0
45 0.8499999999998515 1 0
46 0.7999999999999998 1 0
47 0.7500000000003858 1 0
48 0.7000000000006934 1 0
49 0.6500000000010593 1 0
50 0.6000000000013869 1 0
51 0.5500000000016854 1 0
52 0.5000000000020587 1 0
53 0.4500000000018616 1 0
54 0.4000000000016644 1 0
55 0.3500000000014563 1 0
56 0.3000000000012483 1 0
57 0.2500000000010403 1 0
58 0.2000000000008322 1 0
59 0.1500000000006241 1 0
60 0.100000000000416 1 0
61 0.05000000000020799 1 0
62 0 0.9499999999998356 0
63 0 0.8999999999995836 0
64 0 0.8499999999998515 0
65 0 0.7999999999999998 0
66 0 0.7500000000003858 0
67 0 0.7000000000006934 0
68 0 0.6500000000010593 0
69 0 0.6000000000013869 0
70 0 0.5500000000016854 0
71 0 0.5000000000020587 0
72 0 0.4500000000018616 0
73 0 0.4000000000016644 0
74 0 0.3500000000014563 0
75 0 0.3000000000012483 0
76 0 0.2500000000010403 0
77 0 0.2000000000008322 0
78 0 0.1500000000006241 0
79 0 0.100000000000416 0
80 0 0.05000000000020799 0
81 0.5407783182987063 0.3955873164439035 0
82 0.281858967907902 0.3667837811143525 0
83 0.6408895978410738 0.804992444011881 0
84 0.7420862621425159 0.2366385092989764 0
85 0.300519390941115 0.7055279206797653 0
86 0.8583991792855967 0.8118798920255198 0
87 0.9404242403801966 0.145371333837425 0
88 0.3662485942871937 0.2595002236939059 0
89 0.422278907822608 0.5712634978362463 0
90 0.7540866324513472 0.448298211523823 0
91 0.8207275045294127 0.6731209232742774 0
92 0.5252462149396758 0.1534018864381567 0
93 0.6089854911953801 0.6025393883332674 0
94 0.3597946981465419 0.4216764308913332 0
95 0.239891974057294 0.5378017250925209 0
96 0.4606583113339944 0.7574191485693681 0
97 0.8441472708047769 0.2952078179859677 0
98 0.09959118511831833 0.6576109007600411 0
99 0.1790933413164303 0.2369001415926902 0
100 0.6115007532252223 0.9060655582513483 0
101 0.1075841885015407 0.4306816468893269 0
102 0.7716640613834801 0.8174780387732997 0
103 0.7357954629858579 0.07477090463448331 0
104 0.8587778998479157 0.1826791844360114 0
105 0.1687651118231048 0.8417405813178492 0
106 0.2918718712966324 0.07620882155746078 0
107 0.8750623940137582 0.07755097252344996 0
108 0.1270206403277664 0.5127483692379945 0
109 0.4088802267413917 0.1169096936443048 0
110 0.5321756201669984 0.275302800604885 0
111 0.8399755470497928 0.5686140475884166 0
112 0.6783960952936749 0.5271252663008735 0
113 0.4511234097017964 0.3169362096965478 0
114 0.6546200479502675 0.4275502382687371 0
115 0.7304033274965818 0.7330418117127047 0
116 0.7199919139664778 0.6245019540364883 0
117 0.1884470832399356 0.464720544923451 0
118 0.4376141425202249 0.2192932553753308 0
119 0.483915984807217 0.4953177518219569 0
120 0.9065680676511205 0.4635072032084829 0
121 0.5813970595289947 0.5038380227398863 0
122 0.6372595355979321 0.118908540111258 0
123 0.08463563226223084 0.5723224631917379 0
124 0.06332913302552845 0.7573861713783978 0
125 0.624483503111017 0.21376520490073 0
126 0.5299622483678356 0.6731766854574736 0
127 0.151297605994399 0.1610472546697957 0
128 0.5114435052576849 0.5837097923416046 0
129 0.4304129569260284 0.4125962773793237 0
130 0.3345832907000855 0.1781001049467255 0
131 0.2755807253117624 0.6190386359692565 0
132 0.3607714154784873 0.6387126888487518 0
133 0.08989168848365825 0.2220632085275194 0
134 0.2117292371294343 0.6773295273267368 0
135 0.2039344463097493 0.3922506905347574 0
136 0.740849977628938 0.355625238544842 0
137 0.1730748990344677 0.5961419369297146 0
138 0.6268964652118941 0.7010692524846962 0
139 0.4450620986549058 0.6555584814855528 0
140 0.3586940628484518 0.3385299911650594 0
141 0.112719363680521 0.3281630282738306 0
142 0.2792742364160665 0.2617909876143215 0
143 0.1431169170072539 0.7643910169995266 0
144 0.3780993520379341 0.7427839698676383 0
145 0.9303136310272109 0.246323614470503 0
146 0.3339199402209889 0.5583078188672704 0
147 0.7141460231723242 0.1466040152127517 0
148 0.3159168971100368 0.813548865924855 0
149 0.5517831875183487 0.7534143026700622 0
150 0.833693401819986 0.3938286277230085 0
151 0.5441820125520699 0.06636492391683201 0
152 0.9178416179875195 0.3481183687422039 0
153 0.3906398521732357 0.4901129285725281 0
154 0.8130301495303197 0.7522284282755087 0
155 0.2109096023998029 0.314462926757809 0
156 0.2390934021017478 0.7781770854148098 0
157 0.5326376513197768 0.9353583698892756 0
158 0.7347076761551787 0.9070947413212963 0
159 0.4053819682853314 0.828235502569866 0
160 0.7896634000911451 0.1198046222200565 0
161 0.5220042368652883 0.8465425191899911 0
162 0.2854981374365211 0.461664845713745 0
163 0.9430973268787386 0.06458446127213793 0
164 0.6391656215497405 0.317411551343679 0
165 0.2415540774480416 0.8914196298009146 0
166 0.0779038821388644 0.1359542332371092 0
167 0.8908107913903266 0.7401884417424518 0
168 0.1563721649831107 0.08021000764204012 0
169 0.4756616908461613 0.06733530079985874 0
170 0.2320820851177874 0.1657095530038389 0
171 0.933011977043347 0.5543980501567237 0
172 0.07877208495738476 0.8482313722135262 0
173 0.1411733852395132 0.9215361360865839 0
174 0.7652661194814051 0.5264010027230495 0
175 0.06398909403946275 0.9339535016599388 0
176 0.06685520942435796 0.06323284817591301 0
177 0.8189606665406342 0.482379940119939 0
178 0.8498517944720632 0.9072121541444431 0
179 0.4476589337223214 0.9158451885852394 0
180 0.3517519794281072 0.9081748644801458 0
181 0.9355802521639682 0.8298972125586719 0
182 0.9370864093271232 0.9274218733405704 0
183 0.9140876366688132 0.6393869104600044 0
184 0.9702121201900984 0.1226856669186198 0
185 0.9702121201900984 0.1726856669184914 0
186 0.7178977314925337 0.03738545231724166 0
187 0.7678977314926656 0.03738545231724167 0
188 0.2959359356479494 0.03810441077873039 0
189 0.2459359356480952 0.03810441077873039 0
190 0.8875311970067474 0.03877548626172499 0
191 0.8375311970066157 0.03877548626172499 0
192 0.866920146930837 0.1301150784797307 0
193 0.9077433171969774 0.1114611531804375 0
194 0.8996010701140562 0.1640252591367182 0
195 0.04979559255915914 0.628805450380714 0
196 0.04979559255915912 0.6788054503803673 0
197 0.6557503766129579 0.9530327791256741 0
198 0.6057503766133046 0.9530327791256741 0
199 0.05379209425077038 0.4653408234456929 0
200 0.05379209425077036 0.4153408234454956 0
201 0.8004320809952159 0.2096588468674939 0
202 0.8514625853263463 0.2389435012109896 0
203 0.7931167664736465 0.265923163642472 0
204 0.06351032016388315 0.5063741846200266 0
205 0.1173024144146535 0.4717150080636608 0
206 0.4959508640002513 0.3562617630702256 0
207 0.4916495149343973 0.2961195051507164 0
208 0.5364769692328524 0.3354450585243943 0
209 0.7043533402008073 0.43792422489628 0
210 0.7162413638725111 0.4877117389123482 0
211 0.6665080716219713 0.4773377522848053 0
212 0.6856464626688278 0.7690171278622928 0
213 0.7510336944400309 0.7752599252430021 0
214 0.706276829612277 0.8112352413925905 0
215 0.7703597092479453 0.6488114386553829 0
216 0.7799837305081353 0.5965580008124525 0
217 0.8303515257896028 0.620867485431347 0
218 0.7755654160129972 0.703081367493491 0
219 0.7251976207315298 0.6787718828745966 0
220 0.1480156358707382 0.447701095906389 0
221 0.157733861783851 0.4887344570807227 0
222 0.2141695286486148 0.5012611350079859 0
223 0.1834563071925302 0.5252750471652576 0
224 0.4814301787299504 0.1863475709067439 0
225 0.5287109175533371 0.2143523435215208 0
226 0.4848948813436116 0.2472980279901079 0
227 0.4232471846308083 0.1681014745098178 0
228 0.4670632208405339 0.1351557900412308 0
229 0.5951912753621874 0.5531887055365768 0
230 0.6298965774113348 0.5154816445203799 0
231 0.6436907932445275 0.5648323273170704 0
232 0.5610876889138505 0.4497126695918948 0
233 0.5326565221681058 0.4995778872809217 0
234 0.5123471515529616 0.4454525341329302 0
235 0.04231781613111542 0.5361612315968982 0
236 0.0423178161311154 0.5861612315965623 0
237 0.09211340869027461 0.6149666819758894 0
238 0.1058281362949986 0.5425354162148661 0
239 0.03166456651276427 0.7786930856891987 0
240 0.03166456651276427 0.7286930856895456 0
241 0.0814601590719234 0.7074985360692193 0
242 0.5748648590253465 0.1835835456694433 0
243 0.5783295616390076 0.2445340027528075 0
244 0.4668612065401464 0.5774866450889254 0
245 0.4530974463149124 0.5332906248291016 0
246 0.4976797450324509 0.5395137720817808 0
247 0.5602144982265325 0.593124590337436 0
248 0.5694738697816079 0.6378580368953705 0
249 0.5207028768127602 0.6284432388995391 0
250 0.4855956376123673 0.4040917969116136 0
251 0.4407681833139124 0.3647662435379357 0
252 0.4571644708666227 0.4539570146006405 0
253 0.313227580998359 0.1271544632520931 0
254 0.3503760490190121 0.09655925760088283 0
255 0.3717317587207386 0.1475048992955151 0
256 0.3306454032098012 0.6721203047642585 0
257 0.2880500581264387 0.6622832783245109 0
258 0.3181760703951249 0.6288756624090042 0
259 0.1344925149000443 0.2294816750601048 0
260 0.1205946472390286 0.1915552315986576 0
261 0.1651954736554146 0.198973698131243 0
262 0.2561243140352747 0.6914287240032511 0
263 0.2436549812205984 0.6481840816479967 0
264 0.155759317405645 0.4114661687120421 0
265 0.1961907647748425 0.428485617729104 0
266 0.7474683050401426 0.4019617250343325 0
267 0.6977350127896027 0.3915877384067895 0
268 0.2064834365458809 0.5669718310111178 0
269 0.150047769681117 0.5544451530838546 0
270 0.2577363496845282 0.5784201805308886 0
271 0.2243278121731151 0.6075902864494855 0
272 0.6338930315264839 0.7530308482482886 0
273 0.678649896354238 0.7170555320987004 0
274 0.6179409782036371 0.6518043204089818 0
275 0.5784293567898648 0.6871229689710849 0
276 0.4528602049944501 0.7064888150274604 0
277 0.4875121735113708 0.6643675834715133 0
278 0.4953102798509151 0.7152979170134208 0
279 0.4336705032387568 0.6134109896608997 0
280 0.4029167570666966 0.6471355851671523 0
281 0.3915251616505476 0.604988093342499 0
282 0.3592443804974969 0.3801032110281963 0
283 0.3208268330272219 0.394230106002843 0
284 0.3202765153781769 0.352656886139706 0
285 0.3624713285678228 0.2990151074294827 0
286 0.408686001994495 0.288218216695227 0
287 0.4049087362751242 0.3277331004308036 0
288 0.1101517760910309 0.3794223375815787 0
289 0.1583269049951351 0.360206859404294 0
290 0.1213540510627862 0.7110009588797839 0
291 0.1032230250163912 0.7608885941889623 0
292 0.1556602111238763 0.667470214043389 0
293 0.1774230770683441 0.7208602721631316 0
294 0.3393093714895246 0.7241559452737019 0
295 0.3694353837582107 0.6907483293581951 0
296 0.9651568155136054 0.2731618072348847 0
297 0.9651568155136054 0.2231618072350304 0
298 0.894545765437563 0.2145013994532572 0
299 0.8872304509159938 0.2707657162282353 0
300 0.2869059571391415 0.5480547719798956 0
301 0.3047503327663757 0.5886732274182634 0
302 0.5062207494261715 0.7554167256197151 0
303 0.5408727179430921 0.7132954940637679 0
304 0.9589208089937598 0.3740591843705894 0
305 0.9589208089937598 0.3240591843707351 0
306 0.9532840338255605 0.4317536016037289 0
307 0.9122048428193201 0.4058127859753434 0
308 0.4064593799979218 0.5306882132043872 0
309 0.4372779184902262 0.4927153401972426 0
310 0.3780994240217984 0.5647856583517583 0
311 0.3622798961971124 0.5242103737198993 0
312 0.2463842851538525 0.3406233539360808 0
313 0.2428967071088257 0.379517235824555 0
314 0.2074220243547761 0.3533568086462832 0
315 0.1950014718581166 0.2756815341752497 0
316 0.2291837888662484 0.2493455646035059 0
317 0.2450919194079347 0.2881269571860652 0
318 0.2805666021619843 0.314287384364337 0
319 0.2698063965214315 0.7418525030472876 0
320 0.2254113196155912 0.7277533063707733 0
321 0.6731042146902005 0.9065801497863222 0
322 0.6261951755331481 0.8555290011316147 0
323 0.6877986369981263 0.8560435926665888 0
324 0.7531858687693294 0.862286390047298 0
325 0.7627294315385016 0.09728776342726995 0
326 0.7948317000453093 0.05990231111002828 0
327 0.8323628970524516 0.09867779737175325 0
328 0.2626950557469075 0.4997332854031329 0
329 0.3097090388287549 0.5099863322905076 0
330 0.9215486634392376 0.03229223063606897 0
331 0.9715486634393692 0.03229223063606897 0
332 0.9715486634393691 0.08229223063597629 0
333 0.909079860446248 0.07106771689779395 0
334 0.5899719699242234 0.3564994338937913 0
335 0.5856706208583695 0.2963571759742821 0
336 0.646892834750004 0.3724808948062081 0
337 0.5976991831244869 0.4115687773563202 0
338 0.3189841496322592 0.3001604893896904 0
339 0.3227614153516301 0.2606456056541137 0
340 0.9240776245073652 0.2972209916063534 0
341 0.8809944443961484 0.3216630933640858 0
342 0.9417607836294675 0.1049778975547815 0
343 0.9353689357037038 0.195847474153964 0
344 0.1288552656483493 0.5842322000607263 0
345 0.136333042076393 0.6268764188448779 0
346 0.3860987166101553 0.1986966801610281 0
347 0.4019313684037093 0.2393967395346184 0
348 0.3504159424936396 0.2188001643203157 0
349 0.4443687761110107 0.2681147325359393 0
350 0.6991940046300764 0.5758136101686809 0
351 0.664488702580929 0.6135206711848779 0
352 0.6180085537396312 0.4656941305043116 0
353 0.3945535098872401 0.3755631342721916 0
354 0.3951038275362851 0.4171363541353286 0
355 0.6757027793851282 0.1327562776620048 0
356 0.686527499291895 0.09683972237287063 0
357 0.7249707430790912 0.1106874599236175 0
358 0.6734441895891859 0.6627856032605923 0
359 0.5464202823933397 0.5437739075407455 0
360 0.4105264045496321 0.4513546029759259 0
361 0.3752172751598888 0.4558946797319308 0
362 0.8757675099037527 0.3709734982326062 0
363 0.8389203363123814 0.3445182228544881 0
364 0.8701307347355531 0.4286679154657457 0
365 0.1013055260820896 0.2751131184006749 0
366 0.1459063524984757 0.2825315849332603 0
367 0.5893398263651214 0.7272417775773792 0
368 0.5963363926797112 0.7792033733409716 0
369 0.4782528019562954 0.6196341369135787 0
370 0.3473456778497381 0.5985102538580112 0
371 0.192402068081951 0.6367357321282257 0
372 0.41158072534642 0.6991712256765956 0
373 0.4193788316859642 0.7501015592185032 0
374 0.1911051595545009 0.7712840512071681 0
375 0.2039292569624263 0.8099588333663295 0
376 0.1559410144151794 0.8030657991586879 0
377 0.161814483040162 0.3213129775158198 0
378 0.3470081245739853 0.7781664178962466 0
379 0.3082181440255759 0.7595383933023101 0
380 0.2775051496058922 0.7958629756698323 0
381 0.5368937121918185 0.7999784109300266 0
382 0.4913312740996413 0.8019808338796797 0
383 0.3380689948048783 0.4758888871431365 0
384 0.3226464177915315 0.4416706383025391 0
385 0.04494584424182912 0.2110316042641758 0
386 0.04494584424182912 0.2610316042643839 0
387 0.05635968184026049 0.3140815141375394 0
388 0.5663188256605818 0.9676791849446378 0
389 0.5163188256609177 0.9676791849446378 0
390 0.5720692022724996 0.9207119640703119 0
391 0.9532840338255603 0.4817536016035886 0
392 0.5720910062755084 0.033182461958416 0
393 0.5220910062753821 0.033182461958416 0
394 0.5347141137458729 0.1098834051774944 0
395 0.590720774075001 0.09263673201404499 0
396 0.581252875268804 0.1361552132747074 0
397 0.8168788270298661 0.7126746757748931 0
398 0.7717167385134507 0.7426351199941067 0
399 0.7923471054568998 0.7848532335244043 0
400 0.8357146644079581 0.7820541601505142 0
401 0.8150316203345385 0.8146789653994098 0
402 0.7519047116317347 0.1332043187164041 0
403 0.8242206499695304 0.151241903328034 0
404 0.7658748311168305 0.1782215657595164 0
405 0.7281161426574202 0.191621262255864 0
406 0.7173538380779361 0.9535473706606481 0
407 0.6686297677985711 0.05945427005562898 0
408 0.2836785526722115 0.4142243134140488 0
409 0.2447162918731351 0.4269577681242511 0
410 0.2369726103382284 0.4631926953185979 0
411 0.6832848826267663 0.2252018570998532 0
412 0.6693147631416705 0.1801846100567409 0
413 0.6308715193544745 0.166336872505994 0
414 0.741468119885727 0.2961318739219092 0
415 0.7924986242168575 0.3254165282654048 0
416 0.7938900171356665 0.4210634196234158 0
417 0.7872716897244622 0.3747269331339252 0
418 0.2403237397748947 0.8347983576078621 0
419 0.2051595946355731 0.8665801055593819 0
420 0.278735487279039 0.8524842478628847 0
421 0.306928763558076 0.2199455462805235 0
422 0.6186297677984395 0.05945427005562899 0
423 0.1146007440666317 0.1485007439534525 0
424 0.08389778531126132 0.1790087208823143 0
425 0.1781860824913343 0.04010500382102002 0
426 0.2241220181398716 0.07820941459975039 0
427 0.4878308454224278 0.03366765039992937 0
428 0.4378308454225681 0.03366765039992937 0
429 0.5099218516991156 0.06685011235834534 0
430 0.1916898455560932 0.1633784038368173 0
431 0.1538348854887549 0.1206286311559179 0
432 0.1942271250504491 0.1229597803229395 0
433 0.2619769782072099 0.1209591872806499 0
434 0.1281860824914627 0.04010500382102 0
435 0.1171380235609876 0.1080821204395747 0
436 0.5004539528929186 0.1103685936190077 0
437 0.4422709587937766 0.0921224972220818 0
438 0.0389519410694322 0.1179771166187625 0
439 0.03895194106943221 0.1679771166189707 0
440 0.05635968184026051 0.3640815141377475 0
441 0.6906259418461284 0.2770250303213278 0
442 0.6318245623303788 0.2655883781222045 0
443 0.6900077995893392 0.3365183949442605 0
444 0.2207770387244369 0.9457098149004572 0
445 0.2707770387246448 0.9457098149004572 0
446 0.8864937620465698 0.5615060488725702 0
447 0.8732718073504566 0.5160606253984498 0
448 0.9197900223472337 0.5089526266826033 0
449 0.154969248531309 0.8816383587022165 0
450 0.109972735098449 0.884883754150055 0
451 0.1237685983902448 0.8449859767656878 0
452 0.7218311073875401 0.5267631345119614 0
453 0.7426290167239417 0.5754514783797688 0
454 0.7596763759663762 0.4873496071234362 0
455 0.802620833265599 0.5475075251557331 0
456 0.08199454701993936 0.9669767508299694 0
457 0.03199454701973137 0.9669767508299694 0
458 0.03199454701973137 0.9169767508297613 0
459 0.03938604247869238 0.8741156861065549 0
460 0.07138058949842373 0.8910924369367326 0
461 0.08342760471208632 0.03161642408795651 0
462 0.03342760471217898 0.03161642408795651 0
463 0.03342760471217898 0.08161642408816448 0
464 0.07237954578161118 0.09959354070651116 0
465 0.7865236494959907 0.4653390758218809 0
466 0.8263270341803098 0.4381042839214737 0
467 0.8627643670958773 0.472943571664211 0
468 0.8294681067952133 0.5254969938541778 0
469 0.7921133930110197 0.5043904714214942 0
470 0.03938604247869237 0.824115686106763 0
471 0.1116136872037344 0.07172142790897662 0
472 0.102581239639488 0.9277448188732613 0
473 0.1205866926199646 0.960768068043292 0
474 0.1705866926201727 0.960768068043292 0
475 0.1913637313437774 0.9064778829437492 0
476 0.2055877132171088 0.2013048472982646 0
477 0.255678160766927 0.2137502703090801 0
478 0.9665059885216734 0.5771990250778353 0
479 0.9665059885216734 0.527199025077709 0
480 0.2833326879089365 0.1719048289752823 0
481 0.3459359356478037 0.03810441077873039 0
482 0.4044401133701832 0.05845484682215241 0
483 0.4636931025753099 0.8373890108799285 0
484 0.4330201398096629 0.792827325569617 0
485 0.3917406601616328 0.7855097362187521 0
486 0.3606494326976841 0.8208921842473604 0
487 0.07105060899145663 0.8028087717959621 0
488 0.1109445009823193 0.8063111946065264 0
489 0.8519204704603232 0.7462084350089803 0
490 0.8746049853379618 0.7760341668839859 0
491 0.8557691479598697 0.7066546825083646 0
492 0.47382946686219 0.9579225942926197 0
493 0.4238294668619929 0.9579225942926197 0
494 0.4901482925210491 0.9256017792372575 0
495 0.3785669738567194 0.8682051835250058 0
496 0.333834438269072 0.8608618652025004 0
497 0.2966530284380744 0.8997972471405302 0
498 0.8969897157247826 0.8208885522920959 0
499 0.8927160233180158 0.8685546833515575 0
500 0.8541254868788299 0.8595460230849814 0
501 0.9685432046635616 0.9137109366701536 0
502 0.9685432046635616 0.9637109366702852 0
503 0.9185432046633534 0.9637109366702852 0
504 0.8749258972358234 0.9536060770722216 0
505 0.8934691018995932 0.9173170137425067 0
506 0.9677901260819841 0.8149486062790725 0
507 0.9677901260819841 0.8649486062792043 0
508 0.4848315852938048 0.8811938538876154 0
509 0.5273209440925326 0.8909504445396333 0
510 0.4265204510038264 0.8720403455775527 0
511 0.9363333307455457 0.8786595429496211 0
512 0.9570438183344065 0.6196934552294756 0
513 0.9570438183344065 0.6696934552296072 0
514 0.9235498068560801 0.5968924803083641 0
515 0.9024492140295701 0.689787676101228 0
516 0.9454053956951634 0.720094220870831 0
517 0.877031591859303 0.6040004790242105 0
518 0.8674075705991129 0.6562539168671409 0
519 0.9131955217771474 0.7850428271505618 0
520 0.7673538380775893 0.9535473706606481 0
521 0.3258759897146778 0.954087432240073 0
522 0.3758759897148858 0.954087432240073 0
523 0.3997054565752143 0.9120100265326927 0
524 0.5814469173531811 0.8257674816009362 0
525 0.5667524950452554 0.8763040387206698 0
526 0.8249258972360315 0.9536060770722216 0
527 0.7922797353136209 0.9071534477328698 0
528 0.8107579279277717 0.8623450964588715 0
529 0.9454053956951634 0.7700942208709626 0
