1 2 2 1 1 87 184 185
2 2 2 1 1 184 26 185
3 2 2 1 1 184 25 26
4 2 2 1 1 185 26 27
5 2 2 1 1 103 186 187
6 2 2 1 1 186 19 187
7 2 2 1 1 186 18 19
8 2 2 1 1 187 19 20
9 2 2 1 1 10 188 9
10 2 2 1 1 188 189 9
11 2 2 1 1 188 106 189
12 2 2 1 1 9 189 8
13 2 2 1 1 22 190 21
14 2 2 1 1 190 191 21
15 2 2 1 1 190 107 191
16 2 2 1 1 21 191 20
17 2 2 1 1 104 192 194
18 2 2 1 1 192 193 194
19 2 2 1 1 192 107 193
20 2 2 1 1 194 193 87
21 2 2 1 1 69 195 68
22 2 2 1 1 195 196 68
23 2 2 1 1 195 98 196
24 2 2 1 1 68 196 67
25 2 2 1 1 100 197 198
26 2 2 1 1 197 49 198
27 2 2 1 1 197 48 49
28 2 2 1 1 198 49 50
29 2 2 1 1 101 199 200
30 2 2 1 1 199 72 200
31 2 2 1 1 199 71 72
32 2 2 1 1 200 72 73
33 2 2 1 1 84 201 203
34 2 2 1 1 201 202 203
35 2 2 1 1 201 104 202
36 2 2 1 1 203 202 97
37 2 2 1 1 108 204 205
38 2 2 1 1 204 199 205
39 2 2 1 1 204 71 199
40 2 2 1 1 205 199 101
41 2 2 1 1 81 206 208
42 2 2 1 1 206 207 208
43 2 2 1 1 206 113 207
44 2 2 1 1 208 207 110
45 2 2 1 1 114 209 211
46 2 2 1 1 209 210 211
47 2 2 1 1 209 90 210
48 2 2 1 1 211 210 112
49 2 2 1 1 83 212 214
50 2 2 1 1 212 213 214
51 2 2 1 1 212 115 213
52 2 2 1 1 214 213 102
53 2 2 1 1 91 215 217
54 2 2 1 1 215 216 217
55 2 2 1 1 215 116 216
56 2 2 1 1 217 216 111
57 2 2 1 1 116 215 219
58 2 2 1 1 215 218 219
59 2 2 1 1 215 91 218
60 2 2 1 1 219 218 115
61 2 2 1 1 101 220 205
62 2 2 1 1 220 221 205
63 2 2 1 1 220 117 221
64 2 2 1 1 205 221 108
65 2 2 1 1 117 222 221
66 2 2 1 1 222 223 221
67 2 2 1 1 222 95 223
68 2 2 1 1 221 223 108
69 2 2 1 1 118 224 226
70 2 2 1 1 224 225 226
71 2 2 1 1 224 92 225
72 2 2 1 1 226 225 110
73 2 2 1 1 92 224 228
74 2 2 1 1 224 227 228
75 2 2 1 1 224 118 227
76 2 2 1 1 228 227 109
77 2 2 1 1 93 229 231
78 2 2 1 1 229 230 231
79 2 2 1 1 229 121 230
80 2 2 1 1 231 230 112
81 2 2 1 1 81 232 234
82 2 2 1 1 232 233 234
83 2 2 1 1 232 121 233
84 2 2 1 1 234 233 119
85 2 2 1 1 71 235 70
86 2 2 1 1 235 236 70
87 2 2 1 1 235 123 236
88 2 2 1 1 70 236 69
89 2 2 1 1 123 237 236
90 2 2 1 1 237 195 236
91 2 2 1 1 237 98 195
92 2 2 1 1 236 195 69
93 2 2 1 1 123 235 238
94 2 2 1 1 235 204 238
95 2 2 1 1 235 71 204
96 2 2 1 1 238 204 108
97 2 2 1 1 124 239 240
98 2 2 1 1 239 66 240
99 2 2 1 1 239 65 66
100 2 2 1 1 240 66 67
101 2 2 1 1 98 241 196
102 2 2 1 1 241 240 196
103 2 2 1 1 241 124 240
104 2 2 1 1 196 240 67
105 2 2 1 1 92 242 225
106 2 2 1 1 242 243 225
107 2 2 1 1 242 125 243
108 2 2 1 1 225 243 110
109 2 2 1 1 128 244 246
110 2 2 1 1 244 245 246
111 2 2 1 1 244 89 245
112 2 2 1 1 246 245 119
113 2 2 1 1 128 247 249
114 2 2 1 1 247 248 249
115 2 2 1 1 247 93 248
116 2 2 1 1 249 248 126
117 2 2 1 1 81 250 206
118 2 2 1 1 250 251 206
119 2 2 1 1 250 129 251
120 2 2 1 1 206 251 113
121 2 2 1 1 129 250 252
122 2 2 1 1 250 234 252
123 2 2 1 1 250 81 234
124 2 2 1 1 252 234 119
125 2 2 1 1 130 253 255
126 2 2 1 1 253 254 255
127 2 2 1 1 253 106 254
128 2 2 1 1 255 254 109
129 2 2 1 1 132 256 258
130 2 2 1 1 256 257 258
131 2 2 1 1 256 85 257
132 2 2 1 1 258 257 131
133 2 2 1 1 99 259 261
134 2 2 1 1 259 260 261
135 2 2 1 1 259 133 260
136 2 2 1 1 261 260 127
137 2 2 1 1 85 262 257
138 2 2 1 1 262 263 257
139 2 2 1 1 262 134 263
140 2 2 1 1 257 263 131
141 2 2 1 1 101 264 220
142 2 2 1 1 264 265 220
143 2 2 1 1 264 135 265
144 2 2 1 1 220 265 117
145 2 2 1 1 136 266 267
146 2 2 1 1 266 209 267
147 2 2 1 1 266 90 209
148 2 2 1 1 267 209 114
149 2 2 1 1 95 268 223
150 2 2 1 1 268 269 223
151 2 2 1 1 268 137 269
152 2 2 1 1 223 269 108
153 2 2 1 1 137 268 271
154 2 2 1 1 268 270 271
155 2 2 1 1 268 95 270
156 2 2 1 1 271 270 131
157 2 2 1 1 83 272 212
158 2 2 1 1 272 273 212
159 2 2 1 1 272 138 273
160 2 2 1 1 212 273 115
161 2 2 1 1 93 274 248
162 2 2 1 1 274 275 248
163 2 2 1 1 274 138 275
164 2 2 1 1 248 275 126
165 2 2 1 1 96 276 278
166 2 2 1 1 276 277 278
167 2 2 1 1 276 139 277
168 2 2 1 1 278 277 126
169 2 2 1 1 89 279 281
170 2 2 1 1 279 280 281
171 2 2 1 1 279 139 280
172 2 2 1 1 281 280 132
173 2 2 1 1 140 282 284
174 2 2 1 1 282 283 284
175 2 2 1 1 282 94 283
176 2 2 1 1 284 283 82
177 2 2 1 1 140 285 287
178 2 2 1 1 285 286 287
179 2 2 1 1 285 88 286
180 2 2 1 1 287 286 113
181 2 2 1 1 101 288 264
182 2 2 1 1 288 289 264
183 2 2 1 1 288 141 289
184 2 2 1 1 264 289 135
185 2 2 1 1 98 290 241
186 2 2 1 1 290 291 241
187 2 2 1 1 290 143 291
188 2 2 1 1 241 291 124
189 2 2 1 1 143 290 293
190 2 2 1 1 290 292 293
191 2 2 1 1 290 98 292
192 2 2 1 1 293 292 134
193 2 2 1 1 144 294 295
194 2 2 1 1 294 256 295
195 2 2 1 1 294 85 256
196 2 2 1 1 295 256 132
197 2 2 1 1 29 296 28
198 2 2 1 1 296 297 28
199 2 2 1 1 296 145 297
200 2 2 1 1 28 297 27
201 2 2 1 1 104 298 202
202 2 2 1 1 298 299 202
203 2 2 1 1 298 145 299
204 2 2 1 1 202 299 97
205 2 2 1 1 95 300 270
206 2 2 1 1 300 301 270
207 2 2 1 1 300 146 301
208 2 2 1 1 270 301 131
209 2 2 1 1 149 302 303
210 2 2 1 1 302 278 303
211 2 2 1 1 302 96 278
212 2 2 1 1 303 278 126
213 2 2 1 1 31 304 30
214 2 2 1 1 304 305 30
215 2 2 1 1 304 152 305
216 2 2 1 1 30 305 29
217 2 2 1 1 152 304 307
218 2 2 1 1 304 306 307
219 2 2 1 1 304 31 306
220 2 2 1 1 307 306 120
221 2 2 1 1 89 308 245
222 2 2 1 1 308 309 245
223 2 2 1 1 308 153 309
224 2 2 1 1 245 309 119
225 2 2 1 1 153 308 311
226 2 2 1 1 308 310 311
227 2 2 1 1 308 89 310
228 2 2 1 1 311 310 146
229 2 2 1 1 155 312 314
230 2 2 1 1 312 313 314
231 2 2 1 1 312 82 313
232 2 2 1 1 314 313 135
233 2 2 1 1 155 315 317
234 2 2 1 1 315 316 317
235 2 2 1 1 315 99 316
236 2 2 1 1 317 316 142
237 2 2 1 1 82 312 318
238 2 2 1 1 312 317 318
239 2 2 1 1 312 155 317
240 2 2 1 1 318 317 142
241 2 2 1 1 85 319 262
242 2 2 1 1 319 320 262
243 2 2 1 1 319 156 320
244 2 2 1 1 262 320 134
245 2 2 1 1 158 321 323
246 2 2 1 1 321 322 323
247 2 2 1 1 321 100 322
248 2 2 1 1 323 322 83
249 2 2 1 1 102 324 214
250 2 2 1 1 324 323 214
251 2 2 1 1 324 158 323
252 2 2 1 1 214 323 83
253 2 2 1 1 160 325 326
254 2 2 1 1 325 187 326
255 2 2 1 1 325 103 187
256 2 2 1 1 326 187 20
257 2 2 1 1 107 327 191
258 2 2 1 1 327 326 191
259 2 2 1 1 327 160 326
260 2 2 1 1 191 326 20
261 2 2 1 1 95 328 300
262 2 2 1 1 328 329 300
263 2 2 1 1 328 162 329
264 2 2 1 1 300 329 146
265 2 2 1 1 163 330 331
266 2 2 1 1 330 23 331
267 2 2 1 1 330 22 23
268 2 2 1 1 331 23 2
269 2 2 1 1 25 332 24
270 2 2 1 1 332 331 24
271 2 2 1 1 332 163 331
272 2 2 1 1 24 331 2
273 2 2 1 1 22 330 190
274 2 2 1 1 330 333 190
275 2 2 1 1 330 163 333
276 2 2 1 1 190 333 107
277 2 2 1 1 164 334 335
278 2 2 1 1 334 208 335
279 2 2 1 1 334 81 208
280 2 2 1 1 335 208 110
281 2 2 1 1 81 334 337
282 2 2 1 1 334 336 337
283 2 2 1 1 334 164 336
284 2 2 1 1 337 336 114
285 2 2 1 1 142 338 318
286 2 2 1 1 338 284 318
287 2 2 1 1 338 140 284
288 2 2 1 1 318 284 82
289 2 2 1 1 88 285 339
290 2 2 1 1 285 338 339
291 2 2 1 1 285 140 338
292 2 2 1 1 339 338 142
293 2 2 1 1 152 340 305
294 2 2 1 1 340 296 305
295 2 2 1 1 340 145 296
296 2 2 1 1 305 296 29
297 2 2 1 1 97 299 341
298 2 2 1 1 299 340 341
299 2 2 1 1 299 145 340
300 2 2 1 1 341 340 152
301 2 2 1 1 87 342 184
302 2 2 1 1 342 332 184
303 2 2 1 1 342 163 332
304 2 2 1 1 184 332 25
305 2 2 1 1 87 193 342
306 2 2 1 1 193 333 342
307 2 2 1 1 193 107 333
308 2 2 1 1 342 333 163
309 2 2 1 1 145 343 297
310 2 2 1 1 343 185 297
311 2 2 1 1 343 87 185
312 2 2 1 1 297 185 27
313 2 2 1 1 104 194 298
314 2 2 1 1 194 343 298
315 2 2 1 1 194 87 343
316 2 2 1 1 298 343 145
317 2 2 1 1 123 344 237
318 2 2 1 1 344 345 237
319 2 2 1 1 344 137 345
320 2 2 1 1 237 345 98
321 2 2 1 1 123 238 344
322 2 2 1 1 238 269 344
323 2 2 1 1 238 108 269
324 2 2 1 1 344 269 137
325 2 2 1 1 130 346 348
326 2 2 1 1 346 347 348
327 2 2 1 1 346 118 347
328 2 2 1 1 348 347 88
329 2 2 1 1 109 227 255
330 2 2 1 1 227 346 255
331 2 2 1 1 227 118 346
332 2 2 1 1 255 346 130
333 2 2 1 1 118 349 347
334 2 2 1 1 349 286 347
335 2 2 1 1 349 113 286
336 2 2 1 1 347 286 88
337 2 2 1 1 110 207 226
338 2 2 1 1 207 349 226
339 2 2 1 1 207 113 349
340 2 2 1 1 226 349 118
341 2 2 1 1 112 350 231
342 2 2 1 1 350 351 231
343 2 2 1 1 350 116 351
344 2 2 1 1 231 351 93
345 2 2 1 1 114 352 337
346 2 2 1 1 352 232 337
347 2 2 1 1 352 121 232
348 2 2 1 1 337 232 81
349 2 2 1 1 114 211 352
350 2 2 1 1 211 230 352
351 2 2 1 1 211 112 230
352 2 2 1 1 352 230 121
353 2 2 1 1 140 353 282
354 2 2 1 1 353 354 282
355 2 2 1 1 353 129 354
356 2 2 1 1 282 354 94
357 2 2 1 1 113 251 287
358 2 2 1 1 251 353 287
359 2 2 1 1 251 129 353
360 2 2 1 1 287 353 140
361 2 2 1 1 147 355 357
362 2 2 1 1 355 356 357
363 2 2 1 1 355 122 356
364 2 2 1 1 357 356 103
365 2 2 1 1 116 358 351
366 2 2 1 1 358 274 351
367 2 2 1 1 358 138 274
368 2 2 1 1 351 274 93
369 2 2 1 1 116 219 358
370 2 2 1 1 219 273 358
371 2 2 1 1 219 115 273
372 2 2 1 1 358 273 138
373 2 2 1 1 128 359 247
374 2 2 1 1 359 229 247
375 2 2 1 1 359 121 229
376 2 2 1 1 247 229 93
377 2 2 1 1 119 233 246
378 2 2 1 1 233 359 246
379 2 2 1 1 233 121 359
380 2 2 1 1 246 359 128
381 2 2 1 1 129 360 354
382 2 2 1 1 360 361 354
383 2 2 1 1 360 153 361
384 2 2 1 1 354 361 94
385 2 2 1 1 129 252 360
386 2 2 1 1 252 309 360
387 2 2 1 1 252 119 309
388 2 2 1 1 360 309 153
389 2 2 1 1 152 362 341
390 2 2 1 1 362 363 341
391 2 2 1 1 362 150 363
392 2 2 1 1 341 363 97
393 2 2 1 1 120 364 307
394 2 2 1 1 364 362 307
395 2 2 1 1 364 150 362
396 2 2 1 1 307 362 152
397 2 2 1 1 141 365 366
398 2 2 1 1 365 259 366
399 2 2 1 1 365 133 259
400 2 2 1 1 366 259 99
401 2 2 1 1 149 367 368
402 2 2 1 1 367 272 368
403 2 2 1 1 367 138 272
404 2 2 1 1 368 272 83
405 2 2 1 1 126 275 303
406 2 2 1 1 275 367 303
407 2 2 1 1 275 138 367
408 2 2 1 1 303 367 149
409 2 2 1 1 128 369 244
410 2 2 1 1 369 279 244
411 2 2 1 1 369 139 279
412 2 2 1 1 244 279 89
413 2 2 1 1 128 249 369
414 2 2 1 1 249 277 369
415 2 2 1 1 249 126 277
416 2 2 1 1 369 277 139
417 2 2 1 1 132 370 281
418 2 2 1 1 370 310 281
419 2 2 1 1 370 146 310
420 2 2 1 1 281 310 89
421 2 2 1 1 132 258 370
422 2 2 1 1 258 301 370
423 2 2 1 1 258 131 301
424 2 2 1 1 370 301 146
425 2 2 1 1 137 371 345
426 2 2 1 1 371 292 345
427 2 2 1 1 371 134 292
428 2 2 1 1 345 292 98
429 2 2 1 1 131 263 271
430 2 2 1 1 263 371 271
431 2 2 1 1 263 134 371
432 2 2 1 1 271 371 137
433 2 2 1 1 144 372 373
434 2 2 1 1 372 276 373
435 2 2 1 1 372 139 276
436 2 2 1 1 373 276 96
437 2 2 1 1 132 280 295
438 2 2 1 1 280 372 295
439 2 2 1 1 280 139 372
440 2 2 1 1 295 372 144
441 2 2 1 1 143 374 376
442 2 2 1 1 374 375 376
443 2 2 1 1 374 156 375
444 2 2 1 1 376 375 105
445 2 2 1 1 143 293 374
446 2 2 1 1 293 320 374
447 2 2 1 1 293 134 320
448 2 2 1 1 374 320 156
449 2 2 1 1 155 377 315
450 2 2 1 1 377 366 315
451 2 2 1 1 377 141 366
452 2 2 1 1 315 366 99
453 2 2 1 1 135 289 314
454 2 2 1 1 289 377 314
455 2 2 1 1 289 141 377
456 2 2 1 1 314 377 155
457 2 2 1 1 144 378 294
458 2 2 1 1 378 379 294
459 2 2 1 1 378 148 379
460 2 2 1 1 294 379 85
461 2 2 1 1 148 380 379
462 2 2 1 1 380 319 379
463 2 2 1 1 380 156 319
464 2 2 1 1 379 319 85
465 2 2 1 1 149 381 302
466 2 2 1 1 381 382 302
467 2 2 1 1 381 161 382
468 2 2 1 1 302 382 96
469 2 2 1 1 153 383 361
470 2 2 1 1 383 384 361
471 2 2 1 1 383 162 384
472 2 2 1 1 361 384 94
473 2 2 1 1 153 311 383
474 2 2 1 1 311 329 383
475 2 2 1 1 311 146 329
476 2 2 1 1 383 329 162
477 2 2 1 1 77 385 76
478 2 2 1 1 385 386 76
479 2 2 1 1 385 133 386
480 2 2 1 1 76 386 75
481 2 2 1 1 75 386 387
482 2 2 1 1 386 365 387
483 2 2 1 1 386 133 365
484 2 2 1 1 387 365 141
485 2 2 1 1 157 388 389
486 2 2 1 1 388 51 389
487 2 2 1 1 388 50 51
488 2 2 1 1 389 51 52
489 2 2 1 1 50 388 198
490 2 2 1 1 388 390 198
491 2 2 1 1 388 157 390
492 2 2 1 1 198 390 100
493 2 2 1 1 33 391 32
494 2 2 1 1 391 306 32
495 2 2 1 1 391 120 306
496 2 2 1 1 32 306 31
497 2 2 1 1 16 392 15
498 2 2 1 1 392 393 15
499 2 2 1 1 392 151 393
500 2 2 1 1 15 393 14
501 2 2 1 1 92 394 396
502 2 2 1 1 394 395 396
503 2 2 1 1 394 151 395
504 2 2 1 1 396 395 122
505 2 2 1 1 91 397 218
506 2 2 1 1 397 398 218
507 2 2 1 1 397 154 398
508 2 2 1 1 218 398 115
509 2 2 1 1 154 399 398
510 2 2 1 1 399 213 398
511 2 2 1 1 399 102 213
512 2 2 1 1 398 213 115
513 2 2 1 1 102 399 401
514 2 2 1 1 399 400 401
515 2 2 1 1 399 154 400
516 2 2 1 1 401 400 86
517 2 2 1 1 147 357 402
518 2 2 1 1 357 325 402
519 2 2 1 1 357 103 325
520 2 2 1 1 402 325 160
521 2 2 1 1 160 403 404
522 2 2 1 1 403 201 404
523 2 2 1 1 403 104 201
524 2 2 1 1 404 201 84
525 2 2 1 1 104 403 192
526 2 2 1 1 403 327 192
527 2 2 1 1 403 160 327
528 2 2 1 1 192 327 107
529 2 2 1 1 84 405 404
530 2 2 1 1 405 402 404
531 2 2 1 1 405 147 402
532 2 2 1 1 404 402 160
533 2 2 1 1 100 321 197
534 2 2 1 1 321 406 197
535 2 2 1 1 321 158 406
536 2 2 1 1 197 406 48
537 2 2 1 1 18 186 407
538 2 2 1 1 186 356 407
539 2 2 1 1 186 103 356
540 2 2 1 1 407 356 122
541 2 2 1 1 162 408 384
542 2 2 1 1 408 283 384
543 2 2 1 1 408 82 283
544 2 2 1 1 384 283 94
545 2 2 1 1 162 409 408
546 2 2 1 1 409 313 408
547 2 2 1 1 409 135 313
548 2 2 1 1 408 313 82
549 2 2 1 1 162 328 410
550 2 2 1 1 328 222 410
551 2 2 1 1 328 95 222
552 2 2 1 1 410 222 117
553 2 2 1 1 117 265 410
554 2 2 1 1 265 409 410
555 2 2 1 1 265 135 409
556 2 2 1 1 410 409 162
557 2 2 1 1 147 405 412
558 2 2 1 1 405 411 412
559 2 2 1 1 405 84 411
560 2 2 1 1 412 411 125
561 2 2 1 1 92 396 242
562 2 2 1 1 396 413 242
563 2 2 1 1 396 122 413
564 2 2 1 1 242 413 125
565 2 2 1 1 125 413 412
566 2 2 1 1 413 355 412
567 2 2 1 1 413 122 355
568 2 2 1 1 412 355 147
569 2 2 1 1 136 414 415
570 2 2 1 1 414 203 415
571 2 2 1 1 414 84 203
572 2 2 1 1 415 203 97
573 2 2 1 1 150 416 417
574 2 2 1 1 416 266 417
575 2 2 1 1 416 90 266
576 2 2 1 1 417 266 136
577 2 2 1 1 97 363 415
578 2 2 1 1 363 417 415
579 2 2 1 1 363 150 417
580 2 2 1 1 415 417 136
581 2 2 1 1 105 375 419
582 2 2 1 1 375 418 419
583 2 2 1 1 375 156 418
584 2 2 1 1 419 418 165
585 2 2 1 1 148 420 380
586 2 2 1 1 420 418 380
587 2 2 1 1 420 165 418
588 2 2 1 1 380 418 156
589 2 2 1 1 130 348 421
590 2 2 1 1 348 339 421
591 2 2 1 1 348 88 339
592 2 2 1 1 421 339 142
593 2 2 1 1 122 422 407
594 2 2 1 1 422 17 407
595 2 2 1 1 422 16 17
596 2 2 1 1 407 17 18
597 2 2 1 1 151 392 395
598 2 2 1 1 392 422 395
599 2 2 1 1 392 16 422
600 2 2 1 1 395 422 122
601 2 2 1 1 166 423 424
602 2 2 1 1 423 260 424
603 2 2 1 1 423 127 260
604 2 2 1 1 424 260 133
605 2 2 1 1 168 425 426
606 2 2 1 1 425 189 426
607 2 2 1 1 425 8 189
608 2 2 1 1 426 189 106
609 2 2 1 1 14 427 13
610 2 2 1 1 427 428 13
611 2 2 1 1 427 169 428
612 2 2 1 1 13 428 12
613 2 2 1 1 169 427 429
614 2 2 1 1 427 393 429
615 2 2 1 1 427 14 393
616 2 2 1 1 429 393 151
617 2 2 1 1 170 430 432
618 2 2 1 1 430 431 432
619 2 2 1 1 430 127 431
620 2 2 1 1 432 431 168
621 2 2 1 1 106 433 426
622 2 2 1 1 433 432 426
623 2 2 1 1 433 170 432
624 2 2 1 1 426 432 168
625 2 2 1 1 168 434 425
626 2 2 1 1 434 7 425
627 2 2 1 1 434 6 7
628 2 2 1 1 425 7 8
629 2 2 1 1 127 423 431
630 2 2 1 1 423 435 431
631 2 2 1 1 423 166 435
632 2 2 1 1 431 435 168
633 2 2 1 1 169 436 437
634 2 2 1 1 436 228 437
635 2 2 1 1 436 92 228
636 2 2 1 1 437 228 109
637 2 2 1 1 151 394 429
638 2 2 1 1 394 436 429
639 2 2 1 1 394 92 436
640 2 2 1 1 429 436 169
641 2 2 1 1 77 78 439
642 2 2 1 1 78 438 439
643 2 2 1 1 78 79 438
644 2 2 1 1 439 438 166
645 2 2 1 1 133 385 424
646 2 2 1 1 385 439 424
647 2 2 1 1 385 77 439
648 2 2 1 1 424 439 166
649 2 2 1 1 73 74 440
650 2 2 1 1 74 387 440
651 2 2 1 1 74 75 387
652 2 2 1 1 440 387 141
653 2 2 1 1 101 200 288
654 2 2 1 1 200 440 288
655 2 2 1 1 200 73 440
656 2 2 1 1 288 440 141
657 2 2 1 1 125 411 442
658 2 2 1 1 411 441 442
659 2 2 1 1 411 84 441
660 2 2 1 1 442 441 164
661 2 2 1 1 84 414 441
662 2 2 1 1 414 443 441
663 2 2 1 1 414 136 443
664 2 2 1 1 441 443 164
665 2 2 1 1 125 442 243
666 2 2 1 1 442 335 243
667 2 2 1 1 442 164 335
668 2 2 1 1 243 335 110
669 2 2 1 1 164 443 336
670 2 2 1 1 443 267 336
671 2 2 1 1 443 136 267
672 2 2 1 1 336 267 114
673 2 2 1 1 58 444 57
674 2 2 1 1 444 445 57
675 2 2 1 1 444 165 445
676 2 2 1 1 57 445 56
677 2 2 1 1 171 446 448
678 2 2 1 1 446 447 448
679 2 2 1 1 446 111 447
680 2 2 1 1 448 447 120
681 2 2 1 1 105 449 451
682 2 2 1 1 449 450 451
683 2 2 1 1 449 173 450
684 2 2 1 1 451 450 172
685 2 2 1 1 112 452 350
686 2 2 1 1 452 453 350
687 2 2 1 1 452 174 453
688 2 2 1 1 350 453 116
689 2 2 1 1 174 452 454
690 2 2 1 1 452 210 454
691 2 2 1 1 452 112 210
692 2 2 1 1 454 210 90
693 2 2 1 1 174 455 453
694 2 2 1 1 455 216 453
695 2 2 1 1 455 111 216
696 2 2 1 1 453 216 116
697 2 2 1 1 175 456 457
698 2 2 1 1 456 61 457
699 2 2 1 1 456 60 61
700 2 2 1 1 457 61 3
701 2 2 1 1 175 458 460
702 2 2 1 1 458 459 460
703 2 2 1 1 458 63 459
704 2 2 1 1 460 459 172
705 2 2 1 1 63 458 62
706 2 2 1 1 458 457 62
707 2 2 1 1 458 175 457
708 2 2 1 1 62 457 3
709 2 2 1 1 6 461 5
710 2 2 1 1 461 462 5
711 2 2 1 1 461 176 462
712 2 2 1 1 5 462 1
713 2 2 1 1 79 463 438
714 2 2 1 1 463 464 438
715 2 2 1 1 463 176 464
716 2 2 1 1 438 464 166
717 2 2 1 1 176 463 462
718 2 2 1 1 463 80 462
719 2 2 1 1 463 79 80
720 2 2 1 1 462 80 1
721 2 2 1 1 177 465 466
722 2 2 1 1 465 416 466
723 2 2 1 1 465 90 416
724 2 2 1 1 466 416 150
725 2 2 1 1 177 467 468
726 2 2 1 1 467 447 468
727 2 2 1 1 467 120 447
728 2 2 1 1 468 447 111
729 2 2 1 1 120 467 364
730 2 2 1 1 467 466 364
731 2 2 1 1 467 177 466
732 2 2 1 1 364 466 150
733 2 2 1 1 177 469 465
734 2 2 1 1 469 454 465
735 2 2 1 1 469 174 454
736 2 2 1 1 465 454 90
737 2 2 1 1 111 455 468
738 2 2 1 1 455 469 468
739 2 2 1 1 455 174 469
740 2 2 1 1 468 469 177
741 2 2 1 1 65 470 64
742 2 2 1 1 470 459 64
743 2 2 1 1 470 172 459
744 2 2 1 1 64 459 63
745 2 2 1 1 168 471 434
746 2 2 1 1 471 461 434
747 2 2 1 1 471 176 461
748 2 2 1 1 434 461 6
749 2 2 1 1 168 435 471
750 2 2 1 1 435 464 471
751 2 2 1 1 435 166 464
752 2 2 1 1 471 464 176
753 2 2 1 1 175 472 456
754 2 2 1 1 472 473 456
755 2 2 1 1 472 173 473
756 2 2 1 1 456 473 60
757 2 2 1 1 172 450 460
758 2 2 1 1 450 472 460
759 2 2 1 1 450 173 472
760 2 2 1 1 460 472 175
761 2 2 1 1 60 473 59
762 2 2 1 1 473 474 59
763 2 2 1 1 473 173 474
764 2 2 1 1 59 474 58
765 2 2 1 1 58 474 444
766 2 2 1 1 474 475 444
767 2 2 1 1 474 173 475
768 2 2 1 1 444 475 165
769 2 2 1 1 105 419 449
770 2 2 1 1 419 475 449
771 2 2 1 1 419 165 475
772 2 2 1 1 449 475 173
773 2 2 1 1 127 430 261
774 2 2 1 1 430 476 261
775 2 2 1 1 430 170 476
776 2 2 1 1 261 476 99
777 2 2 1 1 170 477 476
778 2 2 1 1 477 316 476
779 2 2 1 1 477 142 316
780 2 2 1 1 476 316 99
781 2 2 1 1 33 34 479
782 2 2 1 1 34 478 479
783 2 2 1 1 34 35 478
784 2 2 1 1 479 478 171
785 2 2 1 1 120 391 448
786 2 2 1 1 391 479 448
787 2 2 1 1 391 33 479
788 2 2 1 1 448 479 171
789 2 2 1 1 170 433 480
790 2 2 1 1 433 253 480
791 2 2 1 1 433 106 253
792 2 2 1 1 480 253 130
793 2 2 1 1 142 477 421
794 2 2 1 1 477 480 421
795 2 2 1 1 477 170 480
796 2 2 1 1 421 480 130
797 2 2 1 1 106 481 254
798 2 2 1 1 481 482 254
799 2 2 1 1 481 12 482
800 2 2 1 1 254 482 109
801 2 2 1 1 12 481 11
802 2 2 1 1 481 188 11
803 2 2 1 1 481 106 188
804 2 2 1 1 11 188 10
805 2 2 1 1 109 482 437
806 2 2 1 1 482 428 437
807 2 2 1 1 482 12 428
808 2 2 1 1 437 428 169
809 2 2 1 1 96 382 484
810 2 2 1 1 382 483 484
811 2 2 1 1 382 161 483
812 2 2 1 1 484 483 159
813 2 2 1 1 144 373 485
814 2 2 1 1 373 484 485
815 2 2 1 1 373 96 484
816 2 2 1 1 485 484 159
817 2 2 1 1 144 485 378
818 2 2 1 1 485 486 378
819 2 2 1 1 485 159 486
820 2 2 1 1 378 486 148
821 2 2 1 1 172 470 487
822 2 2 1 1 470 239 487
823 2 2 1 1 470 65 239
824 2 2 1 1 487 239 124
825 2 2 1 1 172 487 488
826 2 2 1 1 487 291 488
827 2 2 1 1 487 124 291
828 2 2 1 1 488 291 143
829 2 2 1 1 172 488 451
830 2 2 1 1 488 376 451
831 2 2 1 1 488 143 376
832 2 2 1 1 451 376 105
833 2 2 1 1 86 400 490
834 2 2 1 1 400 489 490
835 2 2 1 1 400 154 489
836 2 2 1 1 490 489 167
837 2 2 1 1 154 397 489
838 2 2 1 1 397 491 489
839 2 2 1 1 397 91 491
840 2 2 1 1 489 491 167
841 2 2 1 1 179 492 493
842 2 2 1 1 492 53 493
843 2 2 1 1 492 52 53
844 2 2 1 1 493 53 54
845 2 2 1 1 52 492 389
846 2 2 1 1 492 494 389
847 2 2 1 1 492 179 494
848 2 2 1 1 389 494 157
849 2 2 1 1 159 495 486
850 2 2 1 1 495 496 486
851 2 2 1 1 495 180 496
852 2 2 1 1 486 496 148
853 2 2 1 1 180 497 496
854 2 2 1 1 497 420 496
855 2 2 1 1 497 165 420
856 2 2 1 1 496 420 148
857 2 2 1 1 86 498 500
858 2 2 1 1 498 499 500
859 2 2 1 1 498 181 499
860 2 2 1 1 500 499 178
861 2 2 1 1 182 501 502
862 2 2 1 1 501 42 502
863 2 2 1 1 501 41 42
864 2 2 1 1 502 42 4
865 2 2 1 1 182 503 505
866 2 2 1 1 503 504 505
867 2 2 1 1 503 44 504
868 2 2 1 1 505 504 178
869 2 2 1 1 44 503 43
870 2 2 1 1 503 502 43
871 2 2 1 1 503 182 502
872 2 2 1 1 43 502 4
873 2 2 1 1 181 506 507
874 2 2 1 1 506 40 507
875 2 2 1 1 506 39 40
876 2 2 1 1 507 40 41
877 2 2 1 1 179 508 494
878 2 2 1 1 508 509 494
879 2 2 1 1 508 161 509
880 2 2 1 1 494 509 157
881 2 2 1 1 159 483 510
882 2 2 1 1 483 508 510
883 2 2 1 1 483 161 508
884 2 2 1 1 510 508 179
885 2 2 1 1 182 511 501
886 2 2 1 1 511 507 501
887 2 2 1 1 511 181 507
888 2 2 1 1 501 507 41
889 2 2 1 1 178 499 505
890 2 2 1 1 499 511 505
891 2 2 1 1 499 181 511
892 2 2 1 1 505 511 182
893 2 2 1 1 183 512 513
894 2 2 1 1 512 36 513
895 2 2 1 1 512 35 36
896 2 2 1 1 513 36 37
897 2 2 1 1 35 512 478
898 2 2 1 1 512 514 478
899 2 2 1 1 512 183 514
900 2 2 1 1 478 514 171
901 2 2 1 1 167 515 516
902 2 2 1 1 515 513 516
903 2 2 1 1 515 183 513
904 2 2 1 1 516 513 37
905 2 2 1 1 111 517 217
906 2 2 1 1 517 518 217
907 2 2 1 1 517 183 518
908 2 2 1 1 217 518 91
909 2 2 1 1 183 517 514
910 2 2 1 1 517 446 514
911 2 2 1 1 517 111 446
912 2 2 1 1 514 446 171
913 2 2 1 1 183 515 518
914 2 2 1 1 515 491 518
915 2 2 1 1 515 167 491
916 2 2 1 1 518 491 91
917 2 2 1 1 86 490 498
918 2 2 1 1 490 519 498
919 2 2 1 1 490 167 519
920 2 2 1 1 498 519 181
921 2 2 1 1 46 47 520
922 2 2 1 1 47 406 520
923 2 2 1 1 47 48 406
924 2 2 1 1 520 406 158
925 2 2 1 1 56 521 55
926 2 2 1 1 521 522 55
927 2 2 1 1 521 180 522
928 2 2 1 1 55 522 54
929 2 2 1 1 180 521 497
930 2 2 1 1 521 445 497
931 2 2 1 1 521 56 445
932 2 2 1 1 497 445 165
933 2 2 1 1 180 495 523
934 2 2 1 1 495 510 523
935 2 2 1 1 495 159 510
936 2 2 1 1 523 510 179
937 2 2 1 1 180 523 522
938 2 2 1 1 523 493 522
939 2 2 1 1 523 179 493
940 2 2 1 1 522 493 54
941 2 2 1 1 161 524 525
942 2 2 1 1 524 322 525
943 2 2 1 1 524 83 322
944 2 2 1 1 525 322 100
945 2 2 1 1 149 368 381
946 2 2 1 1 368 524 381
947 2 2 1 1 368 83 524
948 2 2 1 1 381 524 161
949 2 2 1 1 100 390 525
950 2 2 1 1 390 509 525
951 2 2 1 1 390 157 509
952 2 2 1 1 525 509 161
953 2 2 1 1 178 504 526
954 2 2 1 1 504 45 526
955 2 2 1 1 504 44 45
956 2 2 1 1 526 45 46
957 2 2 1 1 178 526 527
958 2 2 1 1 526 520 527
959 2 2 1 1 526 46 520
960 2 2 1 1 527 520 158
961 2 2 1 1 178 528 500
962 2 2 1 1 528 401 500
963 2 2 1 1 528 102 401
964 2 2 1 1 500 401 86
965 2 2 1 1 178 527 528
966 2 2 1 1 527 324 528
967 2 2 1 1 527 158 324
968 2 2 1 1 528 324 102
969 2 2 1 1 39 529 38
970 2 2 1 1 529 516 38
971 2 2 1 1 529 167 516
972 2 2 1 1 38 516 37
973 2 2 1 1 39 506 529
974 2 2 1 1 506 519 529
975 2 2 1 1 506 181 519
976 2 2 1 1 529 519 167
